-9.806
-99.000
-99.000
-11.549
-12.568
-99.000
-10.252
-10.308
-10.905
-99.000
-11.832
-10.420
-99.000
-12.625
-99.000
-8.321
-11.402
-9.569
-10.327
-10.308
-38.121
-99.000
-9.473
-8.990
-9.850
-10.420
-99.000
-99.000
-42.454
-11.296
-11.549
-10.776
-10.647
-9.385
-9.861
-9.116
-9.110
-99.000
-13.056
-99.000
-13.488
-99.000
-99.000
-10.182
-99.000
-10.630
-8.889
-8.151
-10.483
-10.766
-10.921
-18.175
-10.905
-99.000
-10.528
-13.488
-99.000
-10.207
-8.892
-42.460
-10.093
-99.000
-10.776
-9.850
-10.330
-8.199
-25.108
-99.000
-99.000
-11.065
-99.000
-9.600
-99.000
-8.987
-11.402
-10.429
-9.018
-9.435
-11.707
-11.120
-20.774
-99.000
-10.429
-99.000
-10.766
-99.000
-99.000
-99.000
-10.905
-22.941
-9.861
-9.487
-20.774
-10.776
-9.474
-21.221
-99.000
-20.774
-10.756
-99.000
-99.000
-10.150
-9.726
-33.782
-99.000
-99.000
-99.000
-99.000
-11.395
-11.187
-8.759
-11.617
-9.448
-8.990
-99.000
-13.920
-99.000
-12.194
-9.116
-22.659
-10.921
-13.286
-10.690
-9.771
-11.402
-10.972
-99.000
-99.000
-99.000
-11.764
-99.000
-8.733
-99.000
-11.402
-99.000
-9.752
-33.782
-42.460
-16.167
-9.757
-99.000
-10.287
-99.000
-10.327
-14.000
-10.429
-99.000
-10.420
-99.000
-11.187
-99.000
-11.714
-9.984
-10.468
-9.861
-99.000
-10.232
-10.776
-11.136
-99.000
-99.000
-10.690
-9.968
-8.987
-10.420
-99.000
-12.568
-11.065
-19.054
-8.280
-11.187
-10.483
-99.000
-10.630
-9.851
-99.000
-99.000
-99.000
-11.065
-9.891
-99.000
-9.060
-8.889
-9.568
-99.000
-11.187
-99.000
-99.000
-19.776
-9.018
-9.060
-19.054
-11.979
-12.625
-20.774
-9.678
-99.000
-99.000
-9.060
-8.697
-10.221
-10.528
-11.549
-99.000
-99.000
-29.445
-99.000
-99.000
-99.000
-13.477
-11.832
-99.000
-11.328
-99.000
-10.410
-99.000
-99.000
-9.855
-10.745
-99.000
-99.000
-99.000
-10.921
-99.000
-29.445
-99.000
-99.000
-10.512
-11.549
-11.832
-21.221
-99.000
-10.429
-9.130
-9.060
-99.000
-10.776
-99.000
-33.782
-9.359
-9.071
-10.093
-99.000
-8.681
-11.065
-99.000
-99.000
-99.000
-9.861
-9.116
-10.776
-9.852
-16.445
-13.056
-42.460
-99.000
-99.000
-9.116
-10.312
-10.475
-21.221
-9.688
-29.445
-8.889
-8.098
-11.120
-10.327
-10.248
-11.402
-38.121
-99.000
-99.000
-7.768
